
Correlation Matrix of Predictive Variables for Boulder Homes
=======================================================================================================================================================================================================
1      0.209  0.252  0.308   0.410   0.438  0.259  0.234  0.167  0.498  0.042  -0.053 0.378  -0.455 -0.355 0.132  -0.112 0.129   0.031  -0.173  0.187  0.103  0.004  -0.015 -0.161 0.089  0.001  0.066 
0.209    1    0.419  0.380   0.422   0.538  0.097  0.394  0.125  0.479  -0.124 0.186  -0.153 0.158  0.092  0.026  -0.061 -0.116  0.029   0.086  0.212  0.149  0.027  0.261  0.222  0.051  0.286  -0.323
0.252  0.419    1    0.343   0.434   0.489  0.134  0.378  0.227  0.572  -0.120 0.135  -0.215 0.138  0.127  -0.031 -0.070 -0.126  0.020   0.027  0.282  0.128  -0.095 0.211  0.162  0.022  0.333  -0.369
0.308  0.380  0.343    1     0.757   0.371  0.285  0.493  0.167  0.556  -0.120 0.045  0.033  -0.007 0.015  -0.064 -0.093 -0.113 -0.037  -0.048  0.199  0.182  0.006  0.126  0.079  0.019  0.211  -0.159
0.410  0.422  0.434  0.757     1     0.459  0.286  0.512  0.275  0.663  -0.117 0.010  0.021  -0.053 -0.046 -0.031 -0.126 -0.085 -0.0004 -0.044  0.272  0.199  -0.021 0.151  0.067  0.032  0.248  -0.191
0.438  0.538  0.489  0.371   0.459     1    0.169  0.342  0.073  0.701  -0.037 0.153  -0.064 -0.030 0.022  0.056  -0.003 0.026   0.057  -0.0001 0.188  0.062  0.012  0.180  0.116  0.144  0.206  -0.138
0.259  0.097  0.134  0.285   0.286   0.169    1    -0.310 -0.093 0.163  -0.020 -0.098 0.109  -0.144 -0.088 -0.022 -0.029 0.033  -0.015  -0.111  0.062  0.018  -0.054 -0.066 -0.109 0.042  -0.009 0.038 
0.234  0.394  0.378  0.493   0.512   0.342  -0.310   1    0.205  0.591  -0.119 0.231  -0.115 0.097  0.034  0.004  -0.115 -0.110  0.058   0.100  0.291  0.206  0.003  0.292  0.226  -0.036 0.323  -0.410
0.167  0.125  0.227  0.167   0.275   0.073  -0.093 0.205    1    0.365  -0.068 0.104  -0.051 0.028  0.039  -0.052 -0.131 -0.104 -0.013  -0.003  0.197  0.122  -0.013 0.165  0.112  -0.071 0.186  -0.320
0.498  0.479  0.572  0.556   0.663   0.701  0.163  0.591  0.365    1    -0.094 0.247  -0.087 0.023  0.008  0.024  -0.106 -0.055  0.084   0.065  0.339  0.200  0.008  0.317  0.225  0.036  0.347  -0.381
0.042  -0.124 -0.120 -0.120 -0.117  -0.037  -0.020 -0.119 -0.068 -0.094   1    -0.115 0.038  -0.179 -0.180 0.181  0.166  0.304   0.218   0.057  -0.076 -0.094 0.006  -0.088 -0.082 0.077  -0.112 0.211 
-0.053 0.186  0.135  0.045   0.010   0.153  -0.098 0.231  0.104  0.247  -0.115   1    -0.114 0.261  0.151  -0.072 -0.128 -0.189  0.001   0.133  0.110  0.118  0.108  0.333  0.349  -0.040 0.171  -0.445
0.378  -0.153 -0.215 0.033   0.021  -0.064  0.109  -0.115 -0.051 -0.087 0.038  -0.114   1    -0.599 -0.364 0.019  -0.014 0.172  -0.102  -0.373  -0.035 0.052  0.164  -0.292 -0.349 0.028  -0.228 0.411 
-0.455 0.158  0.138  -0.007 -0.053  -0.030  -0.144 0.097  0.028  0.023  -0.179 0.261  -0.599   1    0.545  -0.194 -0.055 -0.481 -0.059   0.425  -0.012 0.133  -0.023 0.272  0.484  -0.104 0.324  -0.369
-0.355 0.092  0.127  0.015  -0.046   0.022  -0.088 0.034  0.039  0.008  -0.180 0.151  -0.364 0.545    1    -0.166 0.062  -0.383 -0.451  -0.028  -0.142 -0.260 -0.001 -0.066 0.097  -0.106 0.145  -0.212
0.132  0.026  -0.031 -0.064 -0.031   0.056  -0.022 0.004  -0.052 0.024  0.181  -0.072 0.019  -0.194 -0.166   1    0.251  0.369   0.279   0.226  -0.089 -0.201 0.158  -0.084 -0.064 0.043  -0.028 0.091 
-0.112 -0.061 -0.070 -0.093 -0.126  -0.003  -0.029 -0.115 -0.131 -0.106 0.166  -0.128 -0.014 -0.055 0.062  0.251    1    0.598   0.491   0.355  -0.231 -0.192 0.070  -0.193 -0.055 0.075  -0.034 0.139 
0.129  -0.116 -0.126 -0.113 -0.085   0.026  0.033  -0.110 -0.104 -0.055 0.304  -0.189 0.172  -0.481 -0.383 0.369  0.598    1     0.731   0.268  0.033  -0.145 -0.014 -0.177 -0.229 0.187  -0.070 0.228 
0.031  0.029  0.020  -0.037 -0.0004  0.057  -0.015 0.058  -0.013 0.084  0.218  0.001  -0.102 -0.059 -0.451 0.279  0.491  0.731     1     0.608  0.257  0.295  0.030  0.282  0.260  0.072  0.267  -0.069
-0.173 0.086  0.027  -0.048 -0.044  -0.0001 -0.111 0.100  -0.003 0.065  0.057  0.133  -0.373 0.425  -0.028 0.226  0.355  0.268   0.608     1    0.083  0.227  0.128  0.349  0.462  -0.036 0.280  -0.229
0.187  0.212  0.282  0.199   0.272   0.188  0.062  0.291  0.197  0.339  -0.076 0.110  -0.035 -0.012 -0.142 -0.089 -0.231 0.033   0.257   0.083    1    0.580  -0.445 0.388  0.169  -0.121 0.814  -0.364
0.103  0.149  0.128  0.182   0.199   0.062  0.018  0.206  0.122  0.200  -0.094 0.118  0.052  0.133  -0.260 -0.201 -0.192 -0.145  0.295   0.227  0.580    1    -0.030 0.488  0.446  -0.135 0.588  -0.223
0.004  0.027  -0.095 0.006  -0.021   0.012  -0.054 0.003  -0.013 0.008  0.006  0.108  0.164  -0.023 -0.001 0.158  0.070  -0.014  0.030   0.128  -0.445 -0.030   1    0.218  0.353  0.101  -0.286 0.111 
-0.015 0.261  0.211  0.126   0.151   0.180  -0.066 0.292  0.165  0.317  -0.088 0.333  -0.292 0.272  -0.066 -0.084 -0.193 -0.177  0.282   0.349  0.388  0.488  0.218    1    0.905  0.042  0.402  -0.426
-0.161 0.222  0.162  0.079   0.067   0.116  -0.109 0.226  0.112  0.225  -0.082 0.349  -0.349 0.484  0.097  -0.064 -0.055 -0.229  0.260   0.462  0.169  0.446  0.353  0.905    1    0.042  0.348  -0.387
0.089  0.051  0.022  0.019   0.032   0.144  0.042  -0.036 -0.071 0.036  0.077  -0.040 0.028  -0.104 -0.106 0.043  0.075  0.187   0.072  -0.036  -0.121 -0.135 0.101  0.042  0.042    1    -0.116 0.164 
0.001  0.286  0.333  0.211   0.248   0.206  -0.009 0.323  0.186  0.347  -0.112 0.171  -0.228 0.324  0.145  -0.028 -0.034 -0.070  0.267   0.280  0.814  0.588  -0.286 0.402  0.348  -0.116   1    -0.442
0.066  -0.323 -0.369 -0.159 -0.191  -0.138  0.038  -0.410 -0.320 -0.381 0.211  -0.445 0.411  -0.369 -0.212 0.091  0.139  0.228  -0.069  -0.229  -0.364 -0.223 0.111  -0.426 -0.387 0.164  -0.442   1   
-------------------------------------------------------------------------------------------------------------------------------------------------------------------------------------------------------

Correlation Matrix of Predictive Variables for Boulder Homes
=======
table 2
-------
